1   19CS10013   03       00    
2   19MF10022   25       07    
3   20CS10001   43.5     17.5  
4   20CS10002   33       12    
5   20CS10003   45.5     14    
6   20CS10004   35       14    
7   20CS10005   42       11    
8   20CS10006   22.5     6.5   
9   20CS10007   45.5     20    
10  20CS10008   29       11.5  
11  20CS10009   27       14    
12  20CS10010   50.5     17    
13  20CS10011   29.5     17.5  
14  20CS10012   42.5     19    
15  20CS10013   20.5     12    
16  20CS10014   24       09    
17  20CS10015   31       7.5   
18  20CS10016   28       12.5  
19  20CS10017   33.5     12.5  
20  20CS10018   26.5     04    
21  20CS10019   37       14.5  
22  20CS10020   43       13    
23  20CS10021   20       00    
24  20CS10022   23       8.5   
25  20CS10023   35       11    
26  20CS10024   36.5     09    
27  20CS10025   47       14    
28  20CS10026   21       6.5   
29  20CS10027   28       10    
30  20CS10028   25       16    
31  20CS10029   48.5     14    
32  20CS10030   40       15.5  
33  20CS10031   34       10    
34  20CS10032   39.5     14    
35  20CS10033   30.5     10.5  
36  20CS10034   32.5     09    
37  20CS10035   28.5     08    
38  20CS10036   33       16    
39  20CS10037   38       17    
40  20CS10038   37.5     07    
41  20CS10039   41.5     19    
42  20CS10040   20.5     05    
43  20CS10041   30       13    
44  20CS10042   27.5     11    
45  20CS10043   26       07    
46  20CS10044   29       08    
47  20CS10045   28       9.5   
48  20CS10046   43.5     19    
49  20CS10047   35.5     15    
50  20CS10048   29.5     6.5   
51  20CS10049   36       15    
52  20CS10050   21       14.5  
53  20CS10051   29.5     7.5   
54  20CS10052   22.5     9.5   
55  20CS10053   31.5     13.5  
56  20CS10054   26       18.5  
57  20CS10055   36       11.5  
58  20CS10056   35.5     16    
59  20CS10057   20       00    
60  20CS10058   32.5     17.5  
61  20CS10059   29       15    
62  20CS10060   41.5     19    
63  20CS10061   22       10    
64  20CS10062   38       18    
65  20CS10063   20       08    
66  20CS10064   20       08    
67  20CS10065   52.5     19    
68  20CS10066   37       16    
69  20CS10067   36       18    
70  20CS10068   42       16.5  
71  20CS10069   48       18.5  
72  20CS10070   38.5     11    
73  20CS10071   43       15    
74  20CS10072   35.5     17    
75  20CS10073   22       8.5   
76  20CS10074   43.5     14.5  
77  20CS10075   22.5     6.5   
78  20CS10076   37       12    
79  20CS10077   34       06    
80  20CS10078   24       13    
81  20CS10079   34       15.5  
82  20CS10080   41       17.5  
83  20CS10081   37       12.5  
84  20CS10082   48       15.5  
85  20CS10083   40       13.5  
86  20CS10084   33.5     20    
87  20CS10085   42       17    
88  20CS10086   27.5     10.5  
89  20CS10086   11       27    
90  20CS10087   16       47    
91  20CS10088   19       34.5  
92  20CS10089   11       36.5  
93  20CS30001   18       49    
94  20CS30002   18       39    
95  20CS30003   20       42    
96  20CS30004   19       49    
